142
51
720
730
220
664
605
587
352
216
770
86
75
38
615
778
465
40
286
257
724
506
12
771
393
14
653
704
148
618
528
592
62
480
354
500
635
572
537
36
744
166
649
723
145
777
677
570
106
451
806
13
735
579
433
586
56
363
504
91
628
546
675
621
726
567
234
255
535
154
439
399
741
46
471
90
124
472
517
764
580
377
323
74
7
554
346
311
644
758
544
449
817
432
756
776
3
18
453
458
647
249
714
404
396
324
419
390
376
543
355
232
665
176
783
412
76
512
92
356
520
590
146
718
341
21
47
267
820
71
63
244
574
617
110
253
765
468
37
694
779
10
455
774
77
610
338
129
485
759
815
525
175
669
591
240
789
218
378
798
796
287
648
623
598
60
709
66
245
369
810
722
808
205
88
247
215
568
792
394
82
785
94
123
81
424
634
622
739
571
710
441
351
159
296
536
137
271
631
322
